%YAML:1.0
K: !!opencv-matrix
   rows: 3
   cols: 3
   dt: d
   data: [ 5.3263242624167935e+02, 0., 3.4248200322567556e+02, 0.,
       5.3263242624167935e+02, 2.3355006230345307e+02, 0., 0., 1. ]
rvec: !!opencv-matrix
   rows: 3
   cols: 1
   dt: d
   data: [ 2.6710088887054123e-01, 2.6960552347429538e+00,
       2.6305064733153682e-01 ]
tvec: !!opencv-matrix
   rows: 3
   cols: 1
   dt: d
   data: [ 1.7947901472762089e+00, -4.2775754458197932e+00,
       1.2437798517125140e+01 ]
imageFileName: "visionData-test.jpg"
